start=1281.301000
volume=92.000000
fullscreen=yes
