start=1297.671375
volume=104.000000
fullscreen=yes
sid=1
