start=8549.854000
volume=94.000000
fullscreen=yes
