start=1292.416000
volume=96.000000
fullscreen=yes
gamma=6
sid=1
