start=1300.257292
volume=102.000000
fullscreen=yes
