start=1307.160000
fullscreen=yes
aid=2
sid=2
sub-delay=-0.000000
