start=1300.028000
volume=98.000000
fullscreen=yes
