start=1276.630000
volume=94.000000
