start=1316.398417
volume=98.000000
fullscreen=yes
sid=1
