start=1382.381000
volume=98.000000
brightness=10
