start=1297.379417
volume=98.000000
fullscreen=yes
gamma=11
sid=1
