start=1294.919000
volume=102.000000
fullscreen=yes
sid=1
