start=1338.879000
volume=130.000000
