start=1294.835000
volume=108.000000
fullscreen=yes
sid=1
