start=1280.008000
fullscreen=yes
contrast=-1
aid=1
sub-delay=-0.900000
