start=8550.354003
volume=98.000000
