start=1305.283000
fullscreen=yes
aid=1
sid=no
sub-delay=-0.100000
