start=1309.871000
volume=98.000000
