start=6465.839000
pause=yes
volume=98.000000
aid=2
sid=no
