start=1298.880917
volume=98.000000
fullscreen=yes
gamma=10
saturation=10
sid=1
