start=5799.293500
volume=108.000000
fullscreen=yes
