start=1293.104000
volume=94.000000
fullscreen=yes
aid=2
