start=1298.985000
volume=98.000000
fullscreen=yes
aid=2
