start=1306.576000
fullscreen=yes
aid=1
sid=no
sub-delay=-0.000000
