start=1749.539000
fullscreen=yes
sid=1
video-aspect-override=1.777778
