start=1272.271000
volume=92.000000
fullscreen=yes
brightness=-5
sid=1
