start=552.574000
pause=yes
volume=96.000000
brightness=6
sid=1
